combinations             integer         fixed point                  FP
00000000                   0                   0                   0
00000001                   1                0.25    Denormal number 1.52588e-05
00000010                   2                 0.5    Denormal number 3.05176e-05
00000011                   3                0.75    Denormal number 4.57764e-05
00000100                   4                   1         6.10352e-05
00000101                   5                1.25         7.62939e-05
00000110                   6                 1.5         9.15527e-05
00000111                   7                1.75         0.000106812
00001000                   8                   2          0.00012207
00001001                   9                2.25         0.000152588
00001010                  10                 2.5         0.000183105
00001011                  11                2.75         0.000213623
00001100                  12                   3         0.000244141
00001101                  13                3.25         0.000305176
00001110                  14                 3.5         0.000366211
00001111                  15                3.75         0.000427246
00010000                  16                   4         0.000488281
00010001                  17                4.25         0.000610352
00010010                  18                 4.5         0.000732422
00010011                  19                4.75         0.000854492
00010100                  20                   5         0.000976562
00010101                  21                5.25           0.0012207
00010110                  22                 5.5          0.00146484
00010111                  23                5.75          0.00170898
00011000                  24                   6          0.00195312
00011001                  25                6.25          0.00244141
00011010                  26                 6.5          0.00292969
00011011                  27                6.75          0.00341797
00011100                  28                   7          0.00390625
00011101                  29                7.25          0.00488281
00011110                  30                 7.5          0.00585938
00011111                  31                7.75          0.00683594
00100000                  32                   8           0.0078125
00100001                  33                8.25          0.00976562
00100010                  34                 8.5           0.0117188
00100011                  35                8.75           0.0136719
00100100                  36                   9            0.015625
00100101                  37                9.25           0.0195312
00100110                  38                 9.5           0.0234375
00100111                  39                9.75           0.0273438
00101000                  40                  10             0.03125
00101001                  41               10.25           0.0390625
00101010                  42                10.5            0.046875
00101011                  43               10.75           0.0546875
00101100                  44                  11              0.0625
00101101                  45               11.25            0.078125
00101110                  46                11.5             0.09375
00101111                  47               11.75            0.109375
00110000                  48                  12               0.125
00110001                  49               12.25             0.15625
00110010                  50                12.5              0.1875
00110011                  51               12.75             0.21875
00110100                  52                  13                0.25
00110101                  53               13.25              0.3125
00110110                  54                13.5               0.375
00110111                  55               13.75              0.4375
00111000                  56                  14                 0.5
00111001                  57               14.25               0.625
00111010                  58                14.5                0.75
00111011                  59               14.75               0.875
00111100                  60                  15                   1
00111101                  61               15.25                1.25
00111110                  62                15.5                 1.5
00111111                  63               15.75                1.75
01000000                  64                  16                   2
01000001                  65               16.25                 2.5
01000010                  66                16.5                   3
01000011                  67               16.75                 3.5
01000100                  68                  17                   4
01000101                  69               17.25                   5
01000110                  70                17.5                   6
01000111                  71               17.75                   7
01001000                  72                  18                   8
01001001                  73               18.25                  10
01001010                  74                18.5                  12
01001011                  75               18.75                  14
01001100                  76                  19                  16
01001101                  77               19.25                  20
01001110                  78                19.5                  24
01001111                  79               19.75                  28
01010000                  80                  20                  32
01010001                  81               20.25                  40
01010010                  82                20.5                  48
01010011                  83               20.75                  56
01010100                  84                  21                  64
01010101                  85               21.25                  80
01010110                  86                21.5                  96
01010111                  87               21.75                 112
01011000                  88                  22                 128
01011001                  89               22.25                 160
01011010                  90                22.5                 192
01011011                  91               22.75                 224
01011100                  92                  23                 256
01011101                  93               23.25                 320
01011110                  94                23.5                 384
01011111                  95               23.75                 448
01100000                  96                  24                 512
01100001                  97               24.25                 640
01100010                  98                24.5                 768
01100011                  99               24.75                 896
01100100                 100                  25                1024
01100101                 101               25.25                1280
01100110                 102                25.5                1536
01100111                 103               25.75                1792
01101000                 104                  26                2048
01101001                 105               26.25                2560
01101010                 106                26.5                3072
01101011                 107               26.75                3584
01101100                 108                  27                4096
01101101                 109               27.25                5120
01101110                 110                27.5                6144
01101111                 111               27.75                7168
01110000                 112                  28                8192
01110001                 113               28.25               10240
01110010                 114                28.5               12288
01110011                 115               28.75               14336
01110100                 116                  29               16384
01110101                 117               29.25               20480
01110110                 118                29.5               24576
01110111                 119               29.75               28672
01111000                 120                  30               32768
01111001                 121               30.25               40960
01111010                 122                30.5               49152
01111011                 123               30.75               57344
01111100                 124                  31           +infinity
01111101                 125               31.25                 NAN
01111110                 126                31.5                 NAN
01111111                 127               31.75                 NAN
10000000                   0                   0                   0
10000001                  -1               -0.25    Denormal number -1.52588e-05
10000010                  -2                -0.5    Denormal number -3.05176e-05
10000011                  -3               -0.75    Denormal number -4.57764e-05
10000100                  -4                  -1        -6.10352e-05
10000101                  -5               -1.25        -7.62939e-05
10000110                  -6                -1.5        -9.15527e-05
10000111                  -7               -1.75        -0.000106812
10001000                  -8                  -2         -0.00012207
10001001                  -9               -2.25        -0.000152588
10001010                 -10                -2.5        -0.000183105
10001011                 -11               -2.75        -0.000213623
10001100                 -12                  -3        -0.000244141
10001101                 -13               -3.25        -0.000305176
10001110                 -14                -3.5        -0.000366211
10001111                 -15               -3.75        -0.000427246
10010000                 -16                  -4        -0.000488281
10010001                 -17               -4.25        -0.000610352
10010010                 -18                -4.5        -0.000732422
10010011                 -19               -4.75        -0.000854492
10010100                 -20                  -5        -0.000976562
10010101                 -21               -5.25          -0.0012207
10010110                 -22                -5.5         -0.00146484
10010111                 -23               -5.75         -0.00170898
10011000                 -24                  -6         -0.00195312
10011001                 -25               -6.25         -0.00244141
10011010                 -26                -6.5         -0.00292969
10011011                 -27               -6.75         -0.00341797
10011100                 -28                  -7         -0.00390625
10011101                 -29               -7.25         -0.00488281
10011110                 -30                -7.5         -0.00585938
10011111                 -31               -7.75         -0.00683594
10100000                 -32                  -8          -0.0078125
10100001                 -33               -8.25         -0.00976562
10100010                 -34                -8.5          -0.0117188
10100011                 -35               -8.75          -0.0136719
10100100                 -36                  -9           -0.015625
10100101                 -37               -9.25          -0.0195312
10100110                 -38                -9.5          -0.0234375
10100111                 -39               -9.75          -0.0273438
10101000                 -40                 -10            -0.03125
10101001                 -41              -10.25          -0.0390625
10101010                 -42               -10.5           -0.046875
10101011                 -43              -10.75          -0.0546875
10101100                 -44                 -11             -0.0625
10101101                 -45              -11.25           -0.078125
10101110                 -46               -11.5            -0.09375
10101111                 -47              -11.75           -0.109375
10110000                 -48                 -12              -0.125
10110001                 -49              -12.25            -0.15625
10110010                 -50               -12.5             -0.1875
10110011                 -51              -12.75            -0.21875
10110100                 -52                 -13               -0.25
10110101                 -53              -13.25             -0.3125
10110110                 -54               -13.5              -0.375
10110111                 -55              -13.75             -0.4375
10111000                 -56                 -14                -0.5
10111001                 -57              -14.25              -0.625
10111010                 -58               -14.5               -0.75
10111011                 -59              -14.75              -0.875
10111100                 -60                 -15                  -1
10111101                 -61              -15.25               -1.25
10111110                 -62               -15.5                -1.5
10111111                 -63              -15.75               -1.75
11000000                 -64                 -16                  -2
11000001                 -65              -16.25                -2.5
11000010                 -66               -16.5                  -3
11000011                 -67              -16.75                -3.5
11000100                 -68                 -17                  -4
11000101                 -69              -17.25                  -5
11000110                 -70               -17.5                  -6
11000111                 -71              -17.75                  -7
11001000                 -72                 -18                  -8
11001001                 -73              -18.25                 -10
11001010                 -74               -18.5                 -12
11001011                 -75              -18.75                 -14
11001100                 -76                 -19                 -16
11001101                 -77              -19.25                 -20
11001110                 -78               -19.5                 -24
11001111                 -79              -19.75                 -28
11010000                 -80                 -20                 -32
11010001                 -81              -20.25                 -40
11010010                 -82               -20.5                 -48
11010011                 -83              -20.75                 -56
11010100                 -84                 -21                 -64
11010101                 -85              -21.25                 -80
11010110                 -86               -21.5                 -96
11010111                 -87              -21.75                -112
11011000                 -88                 -22                -128
11011001                 -89              -22.25                -160
11011010                 -90               -22.5                -192
11011011                 -91              -22.75                -224
11011100                 -92                 -23                -256
11011101                 -93              -23.25                -320
11011110                 -94               -23.5                -384
11011111                 -95              -23.75                -448
11100000                 -96                 -24                -512
11100001                 -97              -24.25                -640
11100010                 -98               -24.5                -768
11100011                 -99              -24.75                -896
11100100                -100                 -25               -1024
11100101                -101              -25.25               -1280
11100110                -102               -25.5               -1536
11100111                -103              -25.75               -1792
11101000                -104                 -26               -2048
11101001                -105              -26.25               -2560
11101010                -106               -26.5               -3072
11101011                -107              -26.75               -3584
11101100                -108                 -27               -4096
11101101                -109              -27.25               -5120
11101110                -110               -27.5               -6144
11101111                -111              -27.75               -7168
11110000                -112                 -28               -8192
11110001                -113              -28.25              -10240
11110010                -114               -28.5              -12288
11110011                -115              -28.75              -14336
11110100                -116                 -29              -16384
11110101                -117              -29.25              -20480
11110110                -118               -29.5              -24576
11110111                -119              -29.75              -28672
11111000                -120                 -30              -32768
11111001                -121              -30.25              -40960
11111010                -122               -30.5              -49152
11111011                -123              -30.75              -57344
11111100                -124                 -31           -infinity
11111101                -125              -31.25                 NAN
11111110                -126               -31.5                 NAN
11111111                -127              -31.75                 NAN
